# delay records (total stopping time, shortcut map) up to 200000000
# n  delay
2 1
3 5
6 6
7 11
9 13
18 14
25 16
27 70
54 71
73 73
97 75
129 77
171 79
231 81
313 83
327 91
649 92
703 108
871 113
1161 115
2223 116
2463 132
2919 137
3711 150
6171 165
10971 169
13255 174
17647 176
23529 178
26623 194
34239 196
35655 204
52527 214
77031 221
106239 223
142587 236
156159 241
216367 243
230631 278
410011 282
511935 295
626331 319
837799 329
1117065 331
1501353 333
1723519 349
2298025 351
3064033 353
3542887 366
3732423 374
5649499 384
6649279 416
8400511 429
11200681 431
14934241 433
15733191 441
31466382 442
36791535 466
63728127 592
127456254 593
169941673 595
