# chiscan range [2, 50000000001] : skip_big = 0 ; skip_len = 0
1 2
2 5
4 3
5 11
7 7
8 39
10 287
12 231
13 191
15 127
16 359
18 511
20 239
21 159
23 639
24 283
26 991
27 251
29 167
31 111
32 1695
34 1307
35 871
37 927
39 671
40 155
42 103
43 1639
45 91
46 3431
48 3399
50 2287
51 71
53 6395
54 47
56 31
58 2047
59 27
61 1819
62 17691
64 6887
65 4591
67 13439
69 6383
70 4255
72 7963
73 7527
75 12399
77 7279
78 1583
80 1055
81 703
83 15039
85 111259
86 41407
88 62079
89 77031
91 94959
92 34239
94 138751
96 99007
97 106239
99 187327
100 69375
102 226767
104 104303
105 10087
107 256511
108 67583
110 90111
111 45055
113 126575
115 299259
116 96383
118 336199
119 64255
121 84383
123 57115
124 56255
126 37503
127 60975
129 45127
130 393967
132 423679
134 1759951
135 35655
137 434223
138 495687
140 665215
142 1643759
143 528895
145 730559
146 437247
148 2162111
149 432923
151 565247
153 288615
154 376831
156 2548479
157 611455
159 608111
161 1585403
162 405407
164 270271
165 362343
167 401151
169 1563647
170 1042431
172 6721703
173 381727
175 667375
176 626331
178 1691807
180 1564063
181 1541147
183 1027431
184 1127871
186 1991615
188 1327743
189 7303711
191 6255855
192 6492187
194 7849755
195 3137471
197 9294427
199 8484287
200 2788863
202 7499935
203 6079559
205 6204543
207 20808639
208 9941863
210 29256191
211 8837211
213 2091647
214 1394431
216 17392879
218 13002751
219 7460635
221 2533535
222 1689023
224 1126015
226 64993051
227 19925503
229 13774695
230 9280639
232 46043247
233 28290175
235 57330463
237 54870655
238 46355695
240 48773915
241 32515943
243 41946879
245 12132095
246 8088063
248 21677295
249 14378779
251 41942559
253 241682847
254 40814363
256 187375615
257 131801135
259 44186399
260 29457599
262 39276799
264 19638399
265 53271551
267 71028735
268 27209575
270 35514367
272 60112511
273 40075007
275 53433343
276 143061311
278 500752231
279 162612223
281 107295983
283 22649071
284 71530655
286 20132507
287 13421671
289 401306907
291 279200511
292 20638335
294 272473947
295 757916519
297 836710559
298 26716671
300 144091295
302 192121727
303 96060863
305 64040575
306 340208287
308 56924955
310 525068415
311 431557735
313 1450955711
314 383606875
316 634628095
317 371871359
319 247914239
321 165276159
322 2173615775
324 293824283
325 195882855
327 620752511
329 348236187
330 413835007
332 1651171495
333 127456255
335 245235559
337 5425672039
338 217987163
340 290649551
341 193766367
343 145324775
344 96883183
346 1583507967
348 661398811
349 1968165887
351 2079441767
352 326610023
354 984082943
356 1232261787
357 656055295
359 2848461311
360 409344047
362 272896031
363 181930687
365 1304621055
367 1324921887
368 95592191
370 1104180463
371 5328487839
373 13551207911
375 9034138607
376 63728127
378 15218280607
379 17108656891
381 3246339311
382 2164226207
384 1442817471
386 20445954119
387 13630636079
389 9087090719
390 6058060479
392 18019682047
394 17825084863
395 217740015
397 1801487687
398 1200991791
400 16670963135
401 6250517663
403 32060507419
405 14884335615
408 6216083103
409 8781412679
411 24083989231
413 23962604007
414 21407990427
416 5854275119
417 3902850079
421 25244554015
425 4111644527
427 5482192703
428 2741096351
430 23759827611
433 1827397567
435 28159795687
438 4704765167
440 6273020223
441 39889449599
444 3136510111
447 2788008987
449 23440029087
452 37354180511
454 49805574015
455 24902787007
463 34980046495
485 33980539439
489 22653692959
492 20136615963
497 23865618919
500 21213883483
531 26130934783
538 20646664519
541 18352590683
543 24470120911
546 21751218587
547 12235060455
