# chiscan range [100000000002, 150000000001] : skip_big = 0 ; skip_len = 0
1 100000000002
2 100000000005
4 100000000003
5 100000000011
7 100000000007
8 100000000039
10 100000000287
12 100000000155
13 100000000027
15 100000000487
16 100000000071
18 100000000063
20 100000000719
21 100000000207
23 100000000447
24 100000000703
26 100000001327
27 100000000871
29 100000001051
31 100000001647
32 100000000111
34 100000000319
35 100000000411
37 100000000359
39 100000001023
40 100000001895
42 100000000763
43 100000001151
45 100000004543
46 100000000463
48 100000006143
50 100000000639
51 100000001663
53 100000000159
54 100000005535
56 100000005663
58 100000007551
59 100000003487
61 100000009151
62 100000022119
64 100000009855
65 100000005247
67 100000000831
69 100000008255
70 100000005403
72 100000036079
73 100000003231
75 100000005887
77 100000011879
78 100000005871
80 100000020251
81 100000000679
83 100000017663
85 100000003311
86 100000004255
88 100000014383
89 100000005631
91 100000000479
92 100000008655
94 100000044827
96 100000116583
97 100000066431
99 100000047615
100 100000067583
102 100000364635
104 100000114279
105 100000008359
107 100000105471
108 100000068607
110 100000129983
111 100000195327
113 100000075391
115 100000362239
116 100000296175
118 100000008955
119 100000006311
121 100000093599
123 100000197119
124 100000051199
126 100000007615
127 100000126719
129 100000039615
130 100000099967
132 100000604271
134 100000445531
135 100000024167
137 100000992751
138 100000154651
140 100000185191
142 100000100199
143 100000193647
145 100002345279
146 100000295239
148 100000446623
149 100000144831
151 100002098303
153 100000503199
154 100000509179
156 100000086811
157 100000358719
159 100001538495
161 100004241147
162 100000248127
164 100000227419
165 100000060831
167 100000140955
169 100001117467
170 100000659583
172 100000182939
173 100001976807
175 100001571611
176 100000515711
178 100002834503
180 100000375655
181 100005776943
183 100003120575
184 100002422399
186 100000603695
188 100004899047
189 100017178047
191 100008389351
192 100001611167
194 100021248871
195 100007673071
197 100001974043
199 100000497663
200 100001629031
202 100006190639
203 100000136475
205 100001669147
207 100021446047
208 100003531903
210 100006946587
211 100000715647
213 100024509471
214 100004802811
216 100022000895
218 100003635423
219 100004398183
221 100015643495
222 100002463515
224 100007948399
226 100009078299
227 100006092959
229 100000212635
230 100010457311
232 100035563263
233 100002032255
235 100034564935
237 100012595995
238 100024548519
240 100118865343
241 100010746523
243 100040483867
245 100059239983
246 100015059615
248 100081197055
249 100036528367
251 100015466855
253 100011991999
254 100026215423
256 100072640999
257 100010861535
259 100091524559
260 100006852379
262 100050421247
264 100110951903
265 100103179135
267 100023912219
268 100067057359
270 100005815935
272 100104291711
273 100062896287
275 100194219035
276 100013185767
278 100229558043
279 100194935743
281 100077482235
283 100055017471
284 100058671823
286 100270464639
287 100010164255
289 100053905023
291 100270068975
292 100126815647
294 100201746943
295 100589014175
297 100159973871
298 100143109915
300 100010109567
302 100002278399
303 100144090139
305 100776286375
306 100082148911
308 100688648351
310 100721560219
311 100333716463
313 100246803871
314 100313033467
316 103345895783
317 100515299327
319 100046030383
321 100179179679
322 100339216383
324 100485166319
325 101429823727
327 103175447999
329 100117284287
330 100244565231
332 101799655871
333 100137374823
335 101510438607
337 102228030555
338 100469265407
340 100258148655
341 100167889951
343 101108249447
344 100169510939
346 101899051259
348 103481040287
349 100153940295
351 100329615611
352 100760346623
354 100718987259
356 100310505215
357 102736773231
359 102922822271
360 101316474527
362 106511887519
363 105676910843
365 100527527583
367 101499240143
368 100706234215
370 101124636671
371 100714882287
373 102378081439
375 113865579519
376 104350636027
378 100950092479
379 110830794599
381 100644226331
382 100872824447
384 119861411839
386 108333714171
387 118914350951
389 101424615039
390 108224169755
392 105614679535
395 114117892187
397 111493332127
398 105103365679
400 133679720959
401 110733782811
405 130720757759
406 109571933119
409 112312195399
411 122327205147
416 130849330111
417 103626328575
422 109032743743
424 127439445759
425 134418872479
427 109362138215
428 119483442203
430 105211889663
432 139869168255
433 136400167327
435 146991002727
436 121244593179
440 111889387119
441 132889026727
444 127730929439
447 126766784283
452 127991945543
457 112889806847
460 100346494975
471 144460775535
473 125291645607
501 149805802031
512 140284537063
520 125981831327
