# chiscan range [50000000002, 100000000001] : skip_big = 0 ; skip_len = 0
1 50000000002
2 50000000005
4 50000000003
5 50000000011
7 50000000007
8 50000000039
10 50000000287
12 50000000063
13 50000000071
15 50000000047
16 50000000111
18 50000000027
20 50000000359
21 50000000743
23 50000000935
24 50000001435
26 50000000103
27 50000000559
29 50000000091
31 50000001115
32 50000002351
34 50000002303
35 50000002207
37 50000000463
39 50000001471
40 50000004735
42 50000000703
43 50000000031
45 50000004815
46 50000000231
48 50000001135
50 50000000671
51 50000005279
53 50000008415
54 50000000159
56 50000014695
58 50000028743
59 50000017407
61 50000003775
62 50000006911
64 50000015855
65 50000022655
67 50000000327
69 50000004127
70 50000020127
72 50000048287
73 50000024703
75 50000054143
77 50000000303
78 50000057371
80 50000004187
81 50000021095
83 50000008831
85 50000035327
86 50000027167
88 50000015519
89 50000016623
91 50000011775
92 50000002815
94 50000004327
96 50000014143
97 50000033215
99 50000000239
100 50000033439
102 50000017919
104 50000384071
105 50000067007
107 50000001127
108 50000031743
110 50000056815
111 50000003071
113 50000024351
115 50000039631
116 50000000283
118 50000259551
119 50000030143
121 50000216063
123 50000119623
124 50000030959
126 50000048687
127 50000226767
129 50000019455
130 50000083687
132 50001368303
134 50000010911
135 50000061999
137 50000661615
138 50000266331
140 50001306655
142 50000181407
143 50000436703
145 50000086911
146 50000070983
148 50001172639
149 50000135615
151 50000452347
153 50001338847
154 50001187455
156 50000053375
157 50000402047
159 50000473071
161 50000676095
162 50000325951
164 50000124063
165 50000179359
167 50000271519
169 50003352575
170 50002136223
172 50001392283
173 50000312943
175 50004070043
176 50003144475
178 50002580223
180 50002123311
181 50002086399
183 50006226399
184 50001849083
186 50004870171
188 50002873279
189 50004004287
191 50006511519
192 50001697391
194 50006611271
195 50005245951
197 50001815407
199 50003501183
200 50001381787
202 50005967207
203 50003856511
205 50003936159
207 50002264091
208 50004457919
210 50001728751
211 50005274159
213 50000357823
214 50002595687
216 50011000447
218 50004713119
219 50001817711
221 50017687295
222 50021174427
224 50013029823
226 50027241279
227 50041943835
229 50025517339
230 50002757791
232 50003520539
233 50022619815
235 50050326399
237 50028613839
238 50005325851
240 50006528479
241 50005283583
243 50024802415
245 50086727679
246 50028279199
248 50027506687
249 50004236495
251 50146340767
253 50003346459
254 50147972455
256 50004626367
257 50133118823
259 50027275547
260 50005090047
262 50022732379
264 50389698331
265 50040304383
267 50055475951
268 50017862271
270 50173222431
272 50106606207
273 50108170087
275 50278660895
276 50052145855
278 50037172635
279 50051589567
281 50633317535
283 50115260959
284 50029335911
286 50095661503
287 50012044287
289 50364663679
291 50755399423
292 50398631295
294 50239025151
295 50005430767
297 50397336959
298 50059287655
300 50071793511
302 50068481519
303 50144312767
305 50297340543
306 50022387355
308 50335348895
310 51815502575
311 50301915739
313 50226243355
314 50200669503
316 51143932223
317 50125870527
319 52171831295
321 50699898735
322 50073765247
324 50715772143
325 51038540271
327 50714326127
329 50741373375
330 50526173215
332 52792839887
333 50672296895
335 50426789019
337 50594646127
338 50388464879
340 50424894107
341 50424365339
343 55223633663
344 50398128191
346 50341623579
348 54334121563
349 52562609599
351 60935004383
352 54809520447
354 51866498175
356 51036040283
357 50376894927
359 51461411135
360 50094997275
362 53680680687
363 52571136559
365 55701016191
367 50749620071
368 55266409831
370 50562318335
371 52239742623
373 59677768423
375 52299792127
376 54139679391
378 52292621671
379 50234632703
381 63255495295
382 58704753307
384 54525656831
386 52182002939
387 60871641327
389 60327097583
390 52019359359
392 54689837307
394 57362353819
395 56264500583
397 57866840827
398 50012889407
400 54430253727
401 51069455463
403 98040568319
405 64509930343
406 87147171839
408 54188975771
409 97397273883
411 50970809159
417 57001726911
421 75504812031
422 81774557807
424 60142063643
427 53459612127
428 72908092143
430 79655628135
433 54516371871
436 59834174399
440 80460909055
443 53185932799
446 85153952959
447 56031270767
454 58794603263
455 70141259775
457 52261869567
459 75259871231
460 50173247487
506 99870534687
535 83987887551
