# chiscan range [150000000002, 200000000000] : skip_big = 0 ; skip_len = 0
1 150000000002
2 150000000005
4 150000000003
5 150000000011
7 150000000007
8 150000000039
10 150000000287
12 150000000047
13 150000000091
15 150000000063
16 150000000031
18 150000000167
20 150000000871
21 150000000027
23 150000000319
24 150000000415
26 150000001691
27 150000000103
29 150000000559
31 150000000359
32 150000000479
34 150000001023
35 150000000539
37 150000001343
39 150000002843
40 150000001791
42 150000001351
43 150000000767
45 150000001583
46 150000000959
48 150000002015
50 150000002495
51 150000000239
53 150000007963
54 150000000255
56 150000006015
58 150000012571
59 150000006111
61 150000015807
62 150000005991
64 150000007871
65 150000001247
67 150000006591
69 150000012315
70 150000008831
72 150000004847
73 150000008807
75 150000014383
77 150000055039
78 150000000127
80 150000003967
81 150000008447
83 150000004967
85 150000006383
86 150000027419
88 150000033787
89 150000000719
91 150000069119
92 150000029391
94 150000026395
96 150000102683
97 150000071423
99 150000150687
100 150000084991
102 150000074751
104 150000012539
105 150000027559
107 150000102911
108 150000000447
110 150000180895
111 150000023643
113 150000011423
115 150000227071
116 150000076799
118 150000009467
119 150000140399
121 150000283719
123 150000230143
124 150000195519
126 150000083695
127 150000059423
129 150000082687
130 150000169563
132 150000132207
134 150000561023
135 150000035055
137 150000295551
138 150000182511
140 150000016351
142 150000545563
143 150000960751
145 150000519163
146 150000567327
148 150000217247
149 150000612911
151 150000754799
153 150001997215
154 150000208831
156 150000538079
157 150000068671
159 150001953663
161 150000124015
162 150000091167
164 150000091247
165 150000025191
167 150000279167
169 150000287739
170 150003263335
172 150000141159
173 150001310207
175 150000268287
176 150002211099
178 150000563483
180 150011671399
181 150004680863
183 150008068543
184 150000015271
186 150000746495
188 150004285935
189 150001399855
191 150001532671
192 150002968191
194 150003846079
195 150007698247
197 150002443547
199 150004194023
200 150009285959
202 150000338943
203 150003809023
205 150012708079
207 150001599727
208 150002729919
210 150001237151
211 150001401883
213 150000250095
214 150002313979
216 150013719295
218 150030804839
219 150001308543
221 150009148831
222 150009139439
224 150035800063
226 150014214655
227 150007792411
229 150011409567
230 150002462335
232 150113803711
233 150002821231
235 150015615727
237 150039690239
238 150009505563
240 150011654383
241 150002504703
243 150048127087
245 150091433631
246 150011174607
248 150021103131
249 150023200283
251 150017987999
253 150039323135
254 150017260315
256 150016292303
257 150025561535
259 150015270143
260 150004474303
262 150008723903
264 150079971487
265 150027033375
267 150136338523
268 150097389823
270 150112147327
272 150060240031
273 150009221787
275 150019778651
276 150170246335
278 150242799463
279 150025308007
281 150082526207
283 150083497831
284 150188642587
286 150015246383
287 150056429727
289 150211751163
291 150313408671
292 150292617423
294 150067375743
295 150370205807
297 150485885255
298 150014881087
300 150003417599
302 150399772671
303 150123223367
305 150253272167
306 151032972527
308 150258820735
310 150313443375
311 150069045575
313 150180479215
314 150035025615
316 150580674715
317 150268769519
319 150430007295
321 150218362623
322 150233640175
324 152578743967
325 150175926431
327 151551770239
329 150366847847
330 150386321151
332 151009624063
333 151716930495
335 150094226431
337 150119722087
338 151662374171
340 150230797083
341 150554522863
343 150350831131
344 150809099775
346 152192436223
348 151492857703
349 150197214975
351 150601791739
352 150465757823
354 151386604315
356 154105159847
357 151169636095
359 151974711791
360 155368161127
362 151694981151
363 150447718399
365 152585568027
367 150536442879
368 151686955007
370 150877855515
371 150563771391
373 162055557287
375 151932058047
376 151425138719
378 163348265371
379 151279834351
381 152229368559
382 162477448431
384 156994258399
386 173095996263
387 152136922559
389 158552467935
390 155591655039
392 181416401919
394 182564229887
395 152157189583
397 162279315455
398 159160841631
400 173968283419
401 164310993135
403 157378909927
406 150674944767
408 194792028955
409 156895964799
411 152861085543
414 185950773095
416 155439492863
417 153958842111
422 184548608239
424 174091724335
425 164043207323
427 192761996095
428 157817834495
430 197295314023
432 180717613927
433 156014332015
435 160675797787
438 199333540091
443 165318458671
444 161989806079
446 150463664319
452 169334710271
454 169193381359
455 150519742463
457 150394116763
462 153335491615
466 188890883743
470 167903007771
474 196281297639
487 150164453871
493 199741069375
514 188972746991
517 167975775103
