# X-6170 uniform floors, scanned 2 <= n <= 100000000 (n=1 excluded: trivial cycle)
# L  s_L(sigma>L)  nu_L(density)  log2(s_L)/L  log2(nu_L)/L
1 3 3 1.584963 1.584963
2 3 3 0.792481 0.792481
3 3 3 0.528321 0.528321
4 7 7 0.701839 0.701839
5 7 7 0.561471 0.561471
6 7 7 0.467892 0.467892
7 27 27 0.679270 0.679270
8 27 27 0.594361 0.594361
9 27 27 0.528321 0.528321
10 27 27 0.475489 0.475489
11 27 27 0.432263 0.432263
12 27 27 0.396241 0.396241
13 27 27 0.365761 0.365761
14 27 27 0.339635 0.339635
15 27 27 0.316993 0.316993
16 27 27 0.297180 0.297180
17 27 27 0.279699 0.279699
18 27 27 0.264160 0.264160
19 27 27 0.250257 0.250257
20 27 27 0.237744 0.237744
21 27 27 0.226423 0.226423
22 27 27 0.216131 0.216131
23 27 27 0.206734 0.206734
24 27 27 0.198120 0.198120
25 27 27 0.190196 0.190196
26 27 27 0.182880 0.182880
27 27 27 0.176107 0.176107
28 27 27 0.169817 0.169817
29 27 27 0.163962 0.163962
30 27 27 0.158496 0.158496
31 27 27 0.153383 0.153383
32 27 27 0.148590 0.148590
33 27 27 0.144088 0.144088
34 27 27 0.139850 0.139850
35 27 27 0.135854 0.135854
36 27 27 0.132080 0.132080
37 27 27 0.128510 0.128510
38 27 27 0.125129 0.125129
39 27 27 0.121920 0.121920
40 27 27 0.118872 0.118872
41 27 27 0.115973 0.115973
42 27 27 0.113212 0.113212
43 27 27 0.110579 0.110579
44 27 27 0.108066 0.108066
45 27 27 0.105664 0.105664
46 27 27 0.103367 0.103367
47 27 27 0.101168 0.101168
48 27 27 0.099060 0.099060
49 27 27 0.097039 0.097039
50 27 27 0.095098 0.095098
51 27 27 0.093233 0.093233
52 27 27 0.091440 0.091440
53 27 27 0.089715 0.089715
54 27 27 0.088053 0.088053
55 27 27 0.086453 0.086453
56 27 27 0.084909 0.084909
57 27 27 0.083419 0.083419
58 27 27 0.081981 0.081981
59 703 703 0.160295 0.160295
60 703 703 0.157623 0.157623
61 703 703 0.155039 0.155039
62 703 703 0.152538 0.152538
63 703 703 0.150117 0.150117
64 703 703 0.147772 0.147772
65 703 703 0.145498 0.145498
66 703 703 0.143294 0.143294
67 703 703 0.141155 0.141155
68 703 703 0.139079 0.139079
69 703 703 0.137063 0.137063
70 703 703 0.135105 0.135105
71 703 703 0.133203 0.133203
72 703 703 0.131353 0.131353
73 703 703 0.129553 0.129553
74 703 703 0.127802 0.127802
75 703 703 0.126098 0.126098
76 703 703 0.124439 0.124439
77 703 703 0.122823 0.122823
78 703 703 0.121248 0.121248
79 703 703 0.119714 0.119714
80 703 703 0.118217 0.118217
81 10087 10087 0.164200 0.164200
82 10087 10087 0.162198 0.162198
83 10087 10087 0.160243 0.160243
84 10087 10087 0.158336 0.158336
85 10087 10087 0.156473 0.156473
86 10087 10087 0.154654 0.154654
87 10087 10087 0.152876 0.152876
88 10087 10087 0.151139 0.151139
89 10087 10087 0.149441 0.149441
90 10087 10087 0.147780 0.147780
91 10087 10087 0.146156 0.146156
92 10087 10087 0.144567 0.144567
93 10087 10087 0.143013 0.143013
94 10087 10087 0.141492 0.141492
95 10087 10087 0.140002 0.140002
96 10087 10087 0.138544 0.138544
97 10087 10087 0.137116 0.137116
98 10087 10087 0.135716 0.135716
99 10087 10087 0.134346 0.134346
100 10087 10087 0.133002 0.133002
101 10087 10087 0.131685 0.131685
102 10087 10087 0.130394 0.130394
103 10087 10087 0.129128 0.129128
104 10087 10087 0.127887 0.127887
105 35655 35655 0.144017 0.144017
106 35655 35655 0.142659 0.142659
107 35655 35655 0.141325 0.141325
108 35655 35655 0.140017 0.140017
109 35655 35655 0.138732 0.138732
110 35655 35655 0.137471 0.137471
111 35655 35655 0.136233 0.136233
112 35655 35655 0.135016 0.135016
113 35655 35655 0.133821 0.133821
114 35655 35655 0.132648 0.132648
115 35655 35655 0.131494 0.131494
116 35655 35655 0.130360 0.130360
117 35655 35655 0.129246 0.129246
118 35655 35655 0.128151 0.128151
119 35655 35655 0.127074 0.127074
120 35655 35655 0.126015 0.126015
121 35655 35655 0.124974 0.124974
122 35655 35655 0.123949 0.123949
123 35655 35655 0.122942 0.122942
124 35655 35655 0.121950 0.121950
125 35655 35655 0.120975 0.120975
126 35655 35655 0.120014 0.120014
127 35655 35655 0.119069 0.119069
128 35655 35655 0.118139 0.118139
129 35655 35655 0.117223 0.117223
130 35655 35655 0.116322 0.116322
131 35655 35655 0.115434 0.115434
132 35655 35655 0.114559 0.114559
133 35655 35655 0.113698 0.113698
134 35655 35655 0.112849 0.112849
135 270271 270271 0.133660 0.133660
136 270271 270271 0.132677 0.132677
137 270271 270271 0.131708 0.131708
138 270271 270271 0.130754 0.130754
139 270271 270271 0.129813 0.129813
140 270271 270271 0.128886 0.128886
141 270271 270271 0.127972 0.127972
142 270271 270271 0.127071 0.127071
143 270271 270271 0.126182 0.126182
144 270271 270271 0.125306 0.125306
145 270271 270271 0.124442 0.124442
146 270271 270271 0.123589 0.123589
147 270271 270271 0.122749 0.122749
148 270271 270271 0.121919 0.121919
149 270271 270271 0.121101 0.121101
150 270271 270271 0.120294 0.120294
151 270271 270271 0.119497 0.119497
152 270271 270271 0.118711 0.118711
153 270271 270271 0.117935 0.117935
154 270271 270271 0.117169 0.117169
155 270271 270271 0.116413 0.116413
156 270271 270271 0.115667 0.115667
157 270271 270271 0.114930 0.114930
158 270271 270271 0.114203 0.114203
159 270271 270271 0.113485 0.113485
160 270271 270271 0.112775 0.112775
161 270271 270271 0.112075 0.112075
162 270271 270271 0.111383 0.111383
163 270271 270271 0.110700 0.110700
164 362343 362343 0.112604 0.112604
165 381727 381727 0.112377 0.112377
166 381727 381727 0.111700 0.111700
167 381727 381727 0.111031 0.111031
168 381727 381727 0.110370 0.110370
169 381727 381727 0.109717 0.109717
170 381727 381727 0.109072 0.109072
171 381727 381727 0.108434 0.108434
172 381727 381727 0.107803 0.107803
173 626331 626331 0.111310 0.111310
174 626331 626331 0.110670 0.110670
175 626331 626331 0.110038 0.110038
176 1027431 1027431 0.113469 0.113469
177 1027431 1027431 0.112828 0.112828
178 1027431 1027431 0.112194 0.112194
179 1027431 1027431 0.111568 0.111568
180 1027431 1027431 0.110948 0.110948
181 1027431 1027431 0.110335 0.110335
182 1027431 1027431 0.109729 0.109729
183 1126015 1126015 0.109851 0.109851
184 1126015 1126015 0.109254 0.109254
185 1126015 1126015 0.108664 0.108664
186 1126015 1126015 0.108080 0.108080
187 1126015 1126015 0.107502 0.107502
188 1126015 1126015 0.106930 0.106930
189 1126015 1126015 0.106364 0.106364
190 1126015 1126015 0.105804 0.105804
191 1126015 1126015 0.105250 0.105250
192 1126015 1126015 0.104702 0.104702
193 1126015 1126015 0.104160 0.104160
194 1126015 1126015 0.103623 0.103623
195 1126015 1126015 0.103091 0.103091
196 1126015 1126015 0.102565 0.102565
197 1126015 1126015 0.102045 0.102045
198 1126015 1126015 0.101529 0.101529
199 1126015 1126015 0.101019 0.101019
200 1126015 1126015 0.100514 0.100514
201 1126015 1126015 0.100014 0.100014
202 1126015 1126015 0.099519 0.099519
203 1126015 1126015 0.099029 0.099029
204 1126015 1126015 0.098543 0.098543
205 1126015 1126015 0.098062 0.098062
206 1126015 1126015 0.097586 0.097586
207 1126015 1126015 0.097115 0.097115
208 1126015 1126015 0.096648 0.096648
209 1126015 1126015 0.096186 0.096186
210 1126015 1126015 0.095728 0.095728
211 1126015 1126015 0.095274 0.095274
212 1126015 1126015 0.094825 0.094825
213 1126015 1126015 0.094379 0.094379
214 1126015 1126015 0.093938 0.093938
215 1126015 1126015 0.093501 0.093501
216 1126015 1126015 0.093068 0.093068
217 1126015 1126015 0.092640 0.092640
218 1126015 1126015 0.092215 0.092215
219 1126015 1126015 0.091794 0.091794
220 1126015 1126015 0.091376 0.091376
221 1126015 1126015 0.090963 0.090963
222 1126015 1126015 0.090553 0.090553
223 1126015 1126015 0.090147 0.090147
224 8088063 8088063 0.102444 0.102444
225 8088063 8088063 0.101988 0.101988
226 8088063 8088063 0.101537 0.101537
227 8088063 8088063 0.101090 0.101090
228 8088063 8088063 0.100646 0.100646
229 8088063 8088063 0.100207 0.100207
230 8088063 8088063 0.099771 0.099771
231 8088063 8088063 0.099339 0.099339
232 8088063 8088063 0.098911 0.098911
233 8088063 8088063 0.098487 0.098487
234 8088063 8088063 0.098066 0.098066
235 8088063 8088063 0.097648 0.097648
236 8088063 8088063 0.097235 0.097235
237 8088063 8088063 0.096824 0.096824
238 8088063 8088063 0.096417 0.096417
239 8088063 8088063 0.096014 0.096014
240 8088063 8088063 0.095614 0.095614
241 8088063 8088063 0.095217 0.095217
242 8088063 8088063 0.094824 0.094824
243 8088063 8088063 0.094434 0.094434
244 8088063 8088063 0.094047 0.094047
245 8088063 8088063 0.093663 0.093663
246 13421671 13421671 0.096252 0.096252
247 13421671 13421671 0.095863 0.095863
248 13421671 13421671 0.095476 0.095476
249 13421671 13421671 0.095093 0.095093
250 13421671 13421671 0.094712 0.094712
251 13421671 13421671 0.094335 0.094335
252 13421671 13421671 0.093961 0.093961
253 13421671 13421671 0.093589 0.093589
254 13421671 13421671 0.093221 0.093221
255 13421671 13421671 0.092855 0.092855
256 13421671 13421671 0.092492 0.092492
257 13421671 13421671 0.092133 0.092133
258 13421671 13421671 0.091775 0.091775
259 13421671 13421671 0.091421 0.091421
260 13421671 13421671 0.091069 0.091069
261 13421671 13421671 0.090721 0.090721
262 13421671 13421671 0.090374 0.090374
263 13421671 13421671 0.090031 0.090031
264 13421671 13421671 0.089690 0.089690
265 13421671 13421671 0.089351 0.089351
266 13421671 13421671 0.089015 0.089015
267 13421671 13421671 0.088682 0.088682
268 13421671 13421671 0.088351 0.088351
269 13421671 13421671 0.088023 0.088023
270 13421671 13421671 0.087697 0.087697
271 13421671 13421671 0.087373 0.087373
272 13421671 13421671 0.087052 0.087052
273 13421671 13421671 0.086733 0.086733
274 13421671 13421671 0.086416 0.086416
275 13421671 13421671 0.086102 0.086102
276 13421671 13421671 0.085790 0.085790
277 13421671 13421671 0.085480 0.085480
278 13421671 13421671 0.085173 0.085173
279 13421671 13421671 0.084868 0.084868
280 13421671 13421671 0.084565 0.084565
281 13421671 13421671 0.084264 0.084264
282 13421671 13421671 0.083965 0.083965
283 13421671 13421671 0.083668 0.083668
284 13421671 13421671 0.083373 0.083373
285 13421671 13421671 0.083081 0.083081
286 13421671 13421671 0.082790 0.082790
287 20638335 20638335 0.084665 0.084665
288 20638335 20638335 0.084371 0.084371
289 20638335 20638335 0.084079 0.084079
290 20638335 20638335 0.083789 0.083789
291 20638335 20638335 0.083501 0.083501
292 26716671 26716671 0.084491 0.084491
293 26716671 26716671 0.084202 0.084202
294 26716671 26716671 0.083916 0.083916
295 26716671 26716671 0.083631 0.083631
296 26716671 26716671 0.083349 0.083349
297 26716671 26716671 0.083068 0.083068
298 56924955 56924955 0.086452 0.086452
299 56924955 56924955 0.086162 0.086162
300 56924955 56924955 0.085875 0.085875
301 56924955 56924955 0.085590 0.085590
302 56924955 56924955 0.085306 0.085306
303 56924955 56924955 0.085025 0.085025
304 56924955 56924955 0.084745 0.084745
305 56924955 56924955 0.084467 0.084467
306 56924955 56924955 0.084191 0.084191
307 56924955 56924955 0.083917 0.083917
308 63728127 63728127 0.084173 0.084173
309 63728127 63728127 0.083901 0.083901
310 63728127 63728127 0.083630 0.083630
311 63728127 63728127 0.083362 0.083362
312 63728127 63728127 0.083094 0.083094
313 63728127 63728127 0.082829 0.082829
314 63728127 63728127 0.082565 0.082565
315 63728127 63728127 0.082303 0.082303
316 63728127 63728127 0.082042 0.082042
317 63728127 63728127 0.081784 0.081784
318 63728127 63728127 0.081526 0.081526
319 63728127 63728127 0.081271 0.081271
320 63728127 63728127 0.081017 0.081017
321 63728127 63728127 0.080765 0.080765
322 63728127 63728127 0.080514 0.080514
323 63728127 63728127 0.080264 0.080264
324 63728127 63728127 0.080017 0.080017
325 63728127 63728127 0.079771 0.079771
326 63728127 63728127 0.079526 0.079526
327 63728127 63728127 0.079283 0.079283
328 63728127 63728127 0.079041 0.079041
329 63728127 63728127 0.078801 0.078801
330 63728127 63728127 0.078562 0.078562
331 63728127 63728127 0.078325 0.078325
332 63728127 63728127 0.078089 0.078089
333 63728127 63728127 0.077854 0.077854
334 63728127 63728127 0.077621 0.077621
335 63728127 63728127 0.077389 0.077389
336 63728127 63728127 0.077159 0.077159
337 63728127 63728127 0.076930 0.076930
338 63728127 63728127 0.076702 0.076702
339 63728127 63728127 0.076476 0.076476
340 63728127 63728127 0.076251 0.076251
341 63728127 63728127 0.076028 0.076028
342 63728127 63728127 0.075805 0.075805
343 63728127 63728127 0.075584 0.075584
344 63728127 63728127 0.075365 0.075365
345 63728127 63728127 0.075146 0.075146
346 63728127 63728127 0.074929 0.074929
347 63728127 63728127 0.074713 0.074713
348 63728127 63728127 0.074498 0.074498
349 63728127 63728127 0.074285 0.074285
350 63728127 63728127 0.074073 0.074073
351 63728127 63728127 0.073862 0.073862
352 63728127 63728127 0.073652 0.073652
353 63728127 63728127 0.073443 0.073443
354 63728127 63728127 0.073236 0.073236
355 63728127 63728127 0.073029 0.073029
356 63728127 63728127 0.072824 0.072824
357 63728127 63728127 0.072620 0.072620
358 63728127 63728127 0.072417 0.072417
359 63728127 63728127 0.072216 0.072216
360 63728127 63728127 0.072015 0.072015
361 63728127 63728127 0.071816 0.071816
362 63728127 63728127 0.071617 0.071617
363 63728127 63728127 0.071420 0.071420
364 63728127 63728127 0.071224 0.071224
365 63728127 63728127 0.071029 0.071029
366 63728127 63728127 0.070834 0.070834
367 63728127 63728127 0.070641 0.070641
368 63728127 63728127 0.070450 0.070450
369 63728127 63728127 0.070259 0.070259
370 63728127 63728127 0.070069 0.070069
371 63728127 63728127 0.069880 0.069880
372 63728127 63728127 0.069692 0.069692
373 63728127 63728127 0.069505 0.069505
374 63728127 63728127 0.069319 0.069319
375 63728127 63728127 0.069134 0.069134
# both exhausted at L=376 (> 100000000)
