0
2048
2560
2688
2720
2728
2730
4096
5120
5376
5440
5456
5460
5461
6272
6304
6312
6314
6336
6352
6356
6357
6370
6371
8448
8512
8528
8532
8533
8576
8608
8616
8618
8644
8645
8646
8736
8744
8746
8752
8756
8757
8792
8794
8796
8797
9216
9472
9536
9552
9556
9557
9728
9856
9888
9896
9898
10000
10004
10005
10008
10010
10272
10280
10282
10288
10292
10293
10304
10308
10309
10310
10315
10320
10324
10325
10336
10344
10346
10353
10376
10378
10380
10381
10390
10391
10412
10413
10414
11008
11072
11088
11092
11093
11136
11144
11146
11148
11149
11168
11176
11178
11204
11205
11206
11225
11968
11972
11973
11974
11976
11978
11980
11981
11984
11988
11989
12000
12002
12003
12008
12010
12017
12033
12512
12520
12522
12528
12529
12532
12533
12548
12549
12550
12552
12554
12556
12557
12561
13696
13728
13736
13738
13760
13764
13765
13766
13776
13780
13781
13794
13795
13824
13832
13834
13836
13837
13841
13852
13853
13854
13892
13893
13894
13896
13898
13899
13900
13901
13921
13952
13960
13962
13964
13965
13968
13972
13973
13974
13975
13976
13978
13984
13992
13994
14009
14011
14080
14096
14100
14101
14104
14106
14144
14160
14164
14165
14216
14218
14220
14221
14257
14258
14259
14368
14376
14378
14384
14388
14389
14404
14405
14406
14411
14448
14452
14453
14456
14458
14608
14612
14613
14616
14618
14624
14632
14634
14636
14637
14638
14640
14644
14645
14657
14722
14723
14724
14725
14726
14727
15104
15168
15184
15188
15189
15232
15240
15242
15244
15245
15264
15272
15274
15300
15301
15302
15321
15364
15365
15366
15371
15376
15380
15381
15384
15386
15394
15395
15403
15416
15418
15420
15421
15438
15439
15880
15882
15884
15885
15888
15889
15892
15893
15894
15895
15896
15897
15898
15900
15901
15902
15906
15907
15911
15915
16960
16976
16980
16981
16992
17000
17002
17008
17009
17012
17013
17014
17015
17016
17018
17026
17027
17032
17034
17036
17037
17046
17047
17067
17105
17106
17107
17110
17111
17156
17157
17158
17160
17162
17164
17165
17166
17167
17169
17180
17181
17182
17206
17207
