depth 34:  measured 11,878 paths;  Markov model total 22,754;  (4/3)^34 = 17,698

   b    measured      Markov    binomial   M/meas   B/meas
   0     0.00008     0.00004     0.00006    0.522    0.671
   1     0.00135     0.00075     0.00064    0.555    0.475
   2     0.00674     0.00398     0.00352    0.592    0.523
   3     0.02189     0.01395     0.01252    0.637    0.572
   4     0.05169     0.03542     0.03235    0.685    0.626
   5     0.09396     0.06958     0.06470    0.741    0.689
   6     0.13655     0.11002     0.10424    0.806    0.763
   7     0.16316     0.14382     0.13899    0.881    0.852
   8     0.16333     0.15846     0.15636    0.970    0.957
   9     0.13950     0.14926     0.15057    1.070    1.079
  10     0.10221     0.12152     0.12548    1.189    1.228
  11     0.06398     0.08621     0.09126    1.347    1.426
  12     0.03384     0.05365     0.05830    1.585    1.723
  13     0.01414     0.02943     0.03289    2.081    2.325
  14     0.00547     0.01428     0.01644    2.610    3.005
  15     0.00177     0.00615     0.00731    3.477    4.134
  16     0.00034     0.00235     0.00289    6.981    8.591
  17     0.00000     0.00080     0.00102      inf      inf
  18     0.00000     0.00024     0.00032      inf      inf

mean b : measured 7.7050   Markov 8.3573   binomial 8.5000
var  b : measured 5.4806   Markov 6.2516   binomial 6.3750
max  b : measured 16        Markov support to 25
