   j  above-line words dropping at j            E_j     cumulative
   2                               1   2.500000e-01       0.250000
   3                               0   0.000000e+00       0.250000
   4                               1   4.464286e-02       0.294643
   5                               2   2.625000e-01       0.557143
   6                               0   0.000000e+00       0.557143
   7                               3   3.706782e-02       0.594211
   8                               7   5.519832e-01       1.146194
  10                              12   3.395127e-02       1.180145
  12                              30   1.087033e-02       1.191015
  14                               0   0.000000e+00       1.251355
  16                             476   1.078593e-01       1.371251
  18                             961   1.279672e-02       1.384047
  20                           2,652   4.589735e-03       1.388637
  22                               0   0.000000e+00       1.411646
  24                          51,033   3.644282e-02       1.453476
  26                         108,950   5.942357e-03       1.459418
  28                               0   0.000000e+00       1.585006
  30                               0   0.000000e+00       1.591819
  32                       5,936,673   1.360857e-02       1.607709
  34                      13,472,296   2.802405e-03       1.610511

total expected counterexamples with chi <= 34: 1.610511
E_j ratio over the last 10 j: ['0.000', '5.013', '0.000', '6.765', '0.000', '21.134', '0.000', '0.000', '5.964', '0.000']
mean ratio (last 10): 3.8875
